11101111 GRAMMATICUS. .,

auu-aunuum*

Ad thtzen.

’1179011111 411, 19 11. 4 pamma 0011 mxumo& 198,
68100110101401, 9. 403, 5. 15. 199, 1. ἐκέλευσας 113, 1.
ζΛθῆνα 91, 9. 106, 4 159, 9. · προστασσεις 117, 18. 3110417-
1110910438, 14. 91, 9. σας 116,11.
ἀκολουθία 14101 &ctu 4100ῐο70740 βῑνὶῑατικόν 401, 13.
138, 3. 145, 3. 600710λό7ος 3 7, 11.
14116711 411,11. βρᾳχημε9ία 114, 3.
3333141ῗ413ἴᾘ81447114019, 3. ρ733444ι11111334841ἴ64 401, 11.
158110ος 138, 9. γὲρός 413, 7. ·
61600115011. 59,11. γνω qula 160, 10.
ἇμιῑρισσα 114,1. 115,4.116,11. 71ομ391 410, 11.
386, 11. 449, 9. 7ομ119111111161401,11.
610410λὴ 114, 8. 114, 16. rorantem 411, 3. 6.
ἄνενὸχλησις 403, 19. γονατισιός 411, 10.
01116μο 419, 3. 9. γραμματοκομιστὴς 113“,11.115,
ἀντιλέγεσθαι i. q. μάχεσθαι 36, 11.
11. 180, 14. γυναικόθειρς 390, 1ο.
8111110101401, 3. δαιμονὴτης 195, 17.
ἅποπὶακεὶς 1οὔ 81111011 138,17. δεκανίκιον 305, 5. 305, 1411.
ἀποσῶσαι 107, 19. 146, 5. 197,17. &anonim 154, 19.
117, 8. 119001πέ0001 181, 17. δεφένδευσις 401, 5. 401, 14. 403,
&nomam 118,5. 151,8. 187, 19.
4.196,13. 197,18. 113,11. 61ἁτὶμὲνί.17. 61611101,18.10.
115, 10. 108, 9. 146, 19. 167, 5. 31613.
ἄργυρὸᾒουλλον 159, 8. 390, 4. 15.
&exora α’σιραπὴ 81, 1 . 61074110801411, 19.
159χὸ1111000 141,11. 144, 10. 14. 15181έρ00301 306, 9.
11111 1. 1· 11111 11· 1111111181111·
89. 10. 7 ’ ἐγγεμίζεηιν 143, 14.
τὰ 0081116110οω 416,15.417,15. ἐδικός 411, 1. 413, 1. 16.
411, 18. 080681116100301416, 8616417,11.14.418,31·419113·
11. 40001ηο10010411, 11. 15.411,10.
0151081λῶ0 114, 17. 395, 11. 4110996710μο 1197.
1181019611ος 106, 19 107, 4. 8111114 305, 17.
&quemme 148, 7. &polani 141,9. ¹ Δ
βαρέως λίθοις 181, 3. 618011113616. et (10116071111111
paqwoemuoe 110, 3. ἐλερολίσκος 136, 16.

 

